#Site-label   Center(X)   Center(Y)   Center(Z)  Site-Type   N-Neighbors   Occupancy  Site-Amplitud
     1        0.243137    3.372549    5.062745       0           4        0.474370     0.683906   
     2        0.126923    3.500000   11.550000       0           4        0.451186     0.692372   
     3        0.234483    3.348276   18.058621       0           4        0.554264     0.677005   
     4        0.142857    3.416327   24.595918       0           4        0.410764     0.630741   
     5        0.100000    9.886667    8.303333       0           4        0.413262     0.663467   
     6        0.129412    9.956863   14.788235       0           4        0.582344     0.665628   
     7        0.058824    9.933333   21.305882       0           4        0.381734     0.612531   
     8        0.179167    9.970833    1.808333       0           4        0.483363     0.603894   
     9        0.169565   16.456522    5.030435       0           4        0.434148     0.591097   
     10       0.155172   16.362069   11.572414       0           4        0.528882     0.717324   
     11       0.178182   16.414545   18.072727       0           4        0.441143     0.734707   
     12       0.113636   16.390909   24.577273       0           4        0.477567     0.591503   
     13       0.115789   22.926316    8.301754       0           4        0.549917     0.657265   
     14       0.204545   22.895455   14.790909       0           4        0.329970     0.537787   
     15       0.165957   22.970213    1.795745       0           4        0.380835     0.600302   
     16       0.184615   22.965385   21.315385       0           4        0.554814     0.640416   
     17       0.967442    1.800000   10.720930       1           2        0.956284     1.002258   
     18       0.973494    1.783133   23.698795       1           2        0.957134     0.947362   
     19       0.973034    5.076404    4.208989       1           2        0.967876     1.029626   
     20       0.979545    5.095455   17.211364       1           2        0.940695     1.047345   
     21       0.967816    8.271264    2.648276       1           2        0.921059     0.984330   
     22       0.976842    8.237895   15.656842       1           2        0.952836     1.129762   
     23       0.950538   11.533333    9.133333       1           2        0.943793     1.130678   
     24       0.983333   11.590476   22.178571       1           2        0.939646     1.003266   
     25       0.974713   14.802299   10.705747       1           2        0.868195     1.039391   
     26       0.986957   14.760870   23.717391       1           2        0.940145     1.042490   
     27       0.966667   18.047917    4.225000       1           2        0.943643     1.129099   
     28       0.985263   18.092632   17.204211       1           2        0.936798     1.076434   
     29       0.942857   21.349451    2.628571       1           2        0.943643     1.012254   
     30       0.968085   21.295745   15.655319       1           2        0.944992     1.077256   
     31       0.976744   24.581395    9.158140       1           2        0.933450     1.022008   
     32       0.974118   24.616471   22.176471       1           2        0.852556     0.987254   
     33       1.754348   10.697826    0.991304       1           2        0.863399     1.170466   
     34       1.757647   23.724706    0.992941       1           2        0.878238     1.090054   
     35       1.717241   23.694253   14.025287       1           2        0.873042     1.121700   
     36       1.835955    2.604494    5.898876       1           2        0.848359     1.177061   
     37       1.875000    2.604545   18.927273       1           2        0.801692     1.138192   
     38       1.793333    4.197778   12.402222       1           2        0.930552     0.985252   
     39       1.777528    4.202247   25.382022       1           2        0.945941     1.004675   
     40       1.767816    9.151724    7.466667       1           2        0.925855     1.016867   
     41       1.780000    9.151111   20.466667       1           2        0.959532     1.006706   
     42       1.858824   10.750588   13.967059       1           2        0.932101     1.023684   
     43       1.806667   15.622222    5.904444       1           2        0.946441     1.026267   
     44       1.778022   15.632967   18.885714       1           2        0.894977     1.061884   
     45       1.786813   17.206593   25.395604       1           2        0.977869     0.989736   
     46       1.802381   17.219048   12.392857       1           2        0.917261     0.986789   
     47       1.829885   22.126437    7.452874       1           2        0.959582     1.030967   
     48       1.841379   22.140230   20.462069       1           2        0.934749     1.031877   
     49       1.790000    0.180000    9.915000       0           4        0.280904     0.541964   
     50       1.779167    0.150000   22.937500       0           4        0.318728     0.669707   
     51       1.808511    6.651064   16.480851       0           4        0.338015     0.654171   
     52       1.787234    6.748936    3.365957       0           4        0.359899     0.617212   
     53       1.795745   13.157447    9.953191       0           4        0.459730     0.607558   
     54       1.800000   13.155556   22.955556       0           4        0.341212     0.603283   
     55       1.807692   19.657692    3.465385       0           4        0.483663     0.663303   
     56       1.800000   19.644444   16.444444       0           4        0.421756     0.603283   
     57       2.597872    0.946809    8.385106       1           2        0.968925     1.068541   
     58       2.617391    5.882609    1.791304       1           2        0.917511     1.046851   
     59       2.604545    5.906818   14.845455       1           2        0.948989     0.988041   
     60       2.604598    7.436782    5.011494       1           2        0.946841     1.006479   
     61       2.609091    7.438636   18.013636       1           2        0.897025     1.010822   
     62       2.630769   12.384615   11.562637       1           2        0.940695     0.992692   
     63       2.626374   12.378022   24.553846       1           2        0.937747     0.999237   
     64       2.621505   13.976344    8.290323       1           2        0.954885     0.907162   
     65       2.637647   18.905882    1.811765       1           2        0.884584     1.028106   
     66       2.635955   18.907865   14.795506       1           2        0.921458     1.038973   
     67       2.613953   20.446512   18.051163       1           2        0.932800     1.046522   
     68       2.618182   25.395455   11.547727       1           2        0.955035     1.014169   
     69       2.628261   25.393478   24.541304       1           2        0.953486     1.054567   
     70       2.617778    0.962222   21.357778       1           2        0.961780     1.007513   
     71       2.613333   13.960000   21.331111       1           2        0.957184     1.027333   
     72       2.649412   20.470588    5.096471       1           2        0.926655     1.023616   
     73       3.378723    1.817021    6.634043       0           4        0.558311     0.650521   
     74       3.420408    1.857143   19.689796       0           4        0.480415     0.699497   
     75       3.392982   11.519298    0.221053       0           4        0.471522     0.748323   
     76       3.433333   18.007407   13.214815       0           4        0.379036     0.715889   
     77       3.422642   24.532075    0.181132       0           4        0.525934     0.738823   
     78       3.439344   24.560656   13.236066       0           4        0.642553     0.752136   
     79       3.441509    5.018868    0.207547       0           4        0.474769     0.639475   
     80       3.454902    5.007843   13.192157       0           4        0.396874     0.635548   
     81       3.438462    8.326923    6.703846       0           4        0.414911     0.642642   
     82       3.484211    8.287719   19.666667       0           4        0.517789     0.678183   
     83       3.423256   11.581395   13.176744       0           4        0.362198     0.562829   
     84       3.409756   14.809756    6.658537       0           4        0.361448     0.552341   
     85       3.413043   14.804348   19.665217       0           4        0.505348     0.547809   
     86       3.488462   18.065385    0.288462       0           4        0.379036     0.675906   
     87       3.475000   21.337500    6.629167       0           4        0.309435     0.630118   
     88       3.458824   21.305882   19.682353       0           4        0.358850     0.627071   
     89       4.183529    5.856471   11.609412       1           2        0.940545     0.990197   
     90       4.178022    7.463736    8.270330       1           2        0.945242     1.089933   
     91       4.217021    7.459574   21.329787       1           2        0.881936     1.097115   
     92       4.202410   12.392771   14.795181       1           2        0.940795     0.985722   
     93       4.202151   13.987097    5.081720       1           2        0.958333     1.084182   
     94       4.213483   13.977528   18.040449       1           2        0.931951     1.069951   
     95       4.222222   18.886667   24.557778       1           2        0.943393     1.161612   
     96       4.195604   18.903297   11.597802       1           2        0.961930     1.023102   
     97       4.189130   20.497826    8.254348       1           2        0.958183     1.073207   
     98       4.206818   20.461364   21.293182       1           2        0.917961     1.090765   
     99       4.215909   25.393182   14.831818       1           2        0.889181     1.009700   
    100       4.253488    0.953488   18.000000       1           2        0.970424     0.950594   
    101       4.233333    0.964286    4.990476       1           2        0.939196     0.948483   
    102       4.236957    5.917391   24.500000       1           2        0.916812     1.098583   
    103       4.218391   12.404598    1.813793       1           2        0.920159     1.000505   
    104       4.227586   25.397701    1.829885       1           2        0.934699     1.014744   
    105       5.055319    9.138298   18.885106       1           2        0.858802     1.225814   
    106       5.017582   22.123077    5.896703       1           2        0.873492     1.183669   
    107       5.096703    2.646154    7.483516       1           2        0.949889     1.112168   
    108       5.012048    2.631325   20.443373       1           2        0.882985     1.020805   
    109       4.991011    4.224719   13.968539       1           2        0.905320     1.045212   
    110       5.048889    4.220000    0.982222       1           2        0.865447     1.120514   
    111       5.065169    9.143820    5.860674       1           2        0.932101     1.076754   
    112       5.025882   10.757647   12.407059       1           2        0.949189     1.015953   
    113       5.060215   10.713978   25.384946       1           2        0.905170     1.150626   
    114       5.009195   15.609195    7.441379       1           2        0.967177     1.008491   
    115       5.060000   15.635556   20.466667       1           2        0.925306     1.071021   
    116       5.071111   17.202222    1.000000       1           2        0.897725     1.088401   
    117       5.010870   17.241304   13.958696       1           2        0.880137     1.048004   
    118       5.032967   22.136264   18.870330       1           2        0.917561     1.107213   
    119       5.047727   23.743182   25.397727       1           2        0.919160     1.043622   
    120       5.087059   23.712941   12.383529       1           2        0.872992     1.021139   
    121       5.040000    0.115556    3.435556       0           4        0.276058     0.651320   
    122       5.040000    6.700000    9.945000       0           4        0.474969     0.583631   
    123       5.015385    6.700000   22.900000       0           4        0.375489     0.621603   
    124       5.040909   13.154545    3.440909       0           4        0.393076     0.530827   
    125       5.054167   13.275000   16.379167       0           4        0.325024     0.663822   
    126       5.030435   19.665217   22.908696       0           4        0.512293     0.604004   
    127       5.010256    0.092308   16.364103       0           4        0.257071     0.609049   
    128       5.058537   19.634146    9.897561       0           4        0.457232     0.560891   
    129       5.853933   11.606742   17.195506       1           2        0.964478     0.995861   
    130       5.868132   18.090110    9.160440       1           2        0.915163     1.113670   
    131       5.865909   24.613636   17.215909       1           2        0.950888     1.055833   
    132       5.868966    1.758621    2.641379       1           2        0.956534     1.006140   
    133       5.877647    1.767059   15.647059       1           2        0.970474     0.998781   
    134       5.872941    5.049412    9.143529       1           2        0.968176     0.972872   
    135       5.847059    5.091765   22.164706       1           2        0.943943     1.039286   
    136       5.892308    8.336264   10.727473       1           2        0.908068     1.107337   
    137       5.880952    8.328571   23.726190       1           2        0.944842     1.095427   
    138       5.842353   11.616471    4.197647       1           2        0.938546     0.983726   
    139       5.894253   14.795402    2.636782       1           2        0.943593     1.045914   
    140       5.875294   14.781176   15.637647       1           2        0.907018     1.066454   
    141       5.895455   18.020455   22.134091       1           2        0.943643     1.034523   
    142       5.903448   21.344828   23.737931       1           2        0.962030     1.048321   
    143       5.905747   21.344828   10.731034       1           2        0.959382     1.018741   
    144       5.850575   24.597701    4.202299       1           2        0.927504     1.004264   
    145       6.638596    3.449123    1.757895       0           4        0.535127     0.747434   
    146       6.643137    3.474510   14.772549       0           4        0.529331     0.741176   
    147       6.653061    9.910204   18.097959       0           4        0.462028     0.730156   
    148       6.695238   16.390476   14.742857       0           4        0.546270     0.819435   
    149       6.650794   22.907937    5.057143       0           4        0.577948     0.734006   
    150       6.706383    3.412766    8.285106       0           4        0.315830     0.633128   
    151       6.680851    3.357447   21.344681       0           4        0.366145     0.644719   
    152       6.701818    9.927273   11.585455       0           4        0.488410     0.635220   
    153       6.676596    9.970213   24.578723       0           4        0.341812     0.593201   
    154       6.677778   16.414815    1.781481       0           4        0.427153     0.691175   
    155       6.701887   16.430189   21.305660       0           4        0.337365     0.631114   
    156       6.734545   16.425455    8.338182       0           4        0.500651     0.681195   
    157       6.676923   22.950000   11.592308       0           4        0.327772     0.687817   
    158       6.671698   22.932075   18.060377       0           4        0.533479     0.608589   
    159       6.660870   22.960870   24.595652       0           4        0.300491     0.598581   
    160       6.719048    9.966667    5.047619       0           4        0.484862     0.555859   
    161       7.454348    1.860870   22.117391       1           2        0.900773     1.101977   
    162       7.441379   11.480460   23.758621       1           2        0.905869     1.079278   
    163       7.477778    1.775556    9.160000       1           2        0.937247     1.132265   
    164       7.461364    5.079545    2.629545       1           2        0.932701     1.048402   
    165       7.445977    5.039080   15.618391       1           2        0.954685     1.092851   
    166       7.479545    8.259091    4.193182       1           2        0.949988     0.997657   
    167       7.465169    8.289888   17.208989       1           2        0.959882     1.035028   
    168       7.476404   11.559551   10.728090       1           2        0.910116     1.104462   
    169       7.490110   14.745055    9.162637       1           2        0.895876     1.099754   
    170       7.462069   14.806897   22.142529       1           2        0.930102     0.987198   
    171       7.427273   18.009091    2.627273       1           2        0.928603     1.009828   
    172       7.450000   18.064286   15.633333       1           2        0.964978     0.998633   
    173       7.461364   21.284091    4.225000       1           2        0.865747     1.091957   
    174       7.476923   21.268132   17.202198       1           2        0.926305     1.119857   
    175       7.464444   24.526667   10.724444       1           2        0.911865     1.074614   
    176       7.448837   24.481395   23.755814       1           2        0.916362     1.045827   
    177       8.322105   15.633684   13.957895       1           2        0.855854     1.086242   
    178       8.304545    2.609091   13.997727       1           2        0.874941     1.064348   
    179       8.252273    4.206818    7.481818       1           2        0.901672     1.133547   
    180       8.265060    4.231325   20.474699       1           2        0.967476     1.019898   
    181       8.240909    9.159091   25.384091       1           2        0.937497     1.024234   
    182       8.336957    9.132609   12.408696       1           2        0.908168     1.123999   
    183       8.297727   10.706818    5.888636       1           2        0.879288     1.074370   
    184       8.289888   10.721348   18.892135       1           2        0.879088     1.146882   
    185       8.266667   15.640000    1.002222       1           2        0.922408     1.019283   
    186       8.308046   17.211494    7.455172       1           2        0.903221     1.079868   
    187       8.268235   17.207059   20.463529       1           2        0.944992     1.016239   
    188       8.225287   22.165517   12.374713       1           2        0.912914     1.032655   
    189       8.261053   22.166316   25.389474       1           2        0.965778     1.088274   
    190       8.334940   23.751807    5.908434       1           2        0.909916     1.045472   
    191       8.350562   23.746067   18.916854       1           2        0.927804     1.077511   
    192       8.323810    2.640476    0.969048       1           2        0.899624     0.995141   
    193       8.275472    0.196226    9.943396       0           4        0.486911     0.698684   
    194       8.318033    0.190164   22.918033       0           4        0.614422     0.664628   
    195       8.293878    6.685714    3.453061       0           4        0.258570     0.627431   
    196       8.285714    6.695238   16.400000       0           4        0.351106     0.549665   
    197       8.270175   13.161404    9.905263       0           4        0.349457     0.701342   
    198       8.314286   13.157143   22.907143       0           4        0.533678     0.639715   
    199       8.300000   19.717241    3.441379       0           4        0.439594     0.650153   
    200       8.293023   19.767442   16.427907       0           4        0.295045     0.578112   
    201       9.167816    0.977011   11.606897       1           2        0.932201     0.997354   
    202       9.193333    1.017778   24.660000       1           2        0.891279     1.124853   
    203       9.110345    5.910345    5.002299       1           2        0.930102     0.994000   
    204       9.139024    5.858537   18.090244       1           2        0.953586     1.051675   
    205       9.123596    7.453933    1.840449       1           2        0.935798     1.039685   
    206       9.128736    7.462069   14.811494       1           2        0.930852     1.010681   
    207       9.126882   12.400000    8.335484       1           2        0.949739     1.122039   
    208       9.144086   12.378495   21.277419       1           2        0.901822     1.093732   
    209       9.151648   13.978022   11.529670       1           2        0.958083     1.066095   
    210       9.177528   13.982022   24.622472       1           2        0.904320     0.982308   
    211       9.166265   18.843373    5.113253       1           2        0.914363     0.925380   
    212       9.124706   18.884706   18.032941       1           2        0.940695     1.033691   
    213       9.152688   20.477419    1.778495       1           2        0.906369     1.136532   
    214       9.123913   20.456522   14.836957       1           2        0.930902     1.125940   
    215       9.128090   25.404494    8.316854       1           2        0.958433     1.047401   
    216       9.162353   25.367059   21.254118       1           2        0.911315     1.101559   
    217       9.843478    1.813043    0.226087       0           4        0.324624     0.613721   
    218       9.851064    1.800000   13.225532       0           4        0.377987     0.619423   
    219       9.896154    5.038462    6.719231       0           4        0.600732     0.619195   
    220       9.908475    8.311864   13.186441       0           4        0.413012     0.648380   
    221       9.951724    8.296552   26.155172       0           4        0.538325     0.676609   
    222       9.890909   11.552727    6.650909       0           4        0.479616     0.654495   
    223       9.847059   11.564706   19.670588       0           4        0.415361     0.637252   
    224       9.885185   14.803704    0.177778       0           4        0.408665     0.675761   
    225       9.880000   14.812000   13.220000       0           4        0.393076     0.640425   
    226       9.874510   18.015686    6.670588       0           4        0.388879     0.616597   
    227       9.932000   18.040000   19.688000       0           4        0.519838     0.611529   
    228       9.932075   21.290566    0.256604       0           4        0.507946     0.630200   
    229       9.913333   21.316667   13.203333       0           4        0.543771     0.684933   
    230       9.861538   24.589744    6.646154       0           4        0.249776     0.556428   
    231       9.885714   24.579592   19.710204       0           4        0.282204     0.608369   
    232       9.965854    5.043902   19.707317       0           4        0.429801     0.567386   
    233      10.679121    1.026374    1.698901       1           2        0.939995     1.124762   
    234      10.717647    0.981176   14.776471       1           2        0.925705     1.027697   
    235      10.732584    5.914607    8.352809       1           2        0.919210     1.132818   
    236      10.720430    5.911828   21.331183       1           2        0.955135     1.109840   
    237      10.727907    7.448837   11.511628       1           2        0.931501     1.056341   
    238      10.725843    7.453933   24.525843       1           2        0.870844     1.080978   
    239      10.747619   12.390476    5.028571       1           2        0.853756     1.029023   
    240      10.723256   12.388372   18.046512       1           2        0.933200     1.055132   
    241      10.725000   13.970455    1.811364       1           2        0.908967     0.992375   
    242      10.696552   13.995402   14.783908       1           2        0.916812     1.012312   
    243      10.726667   18.888889    8.308889       1           2        0.942744     1.082498   
    244      10.721348   18.892135   21.341573       1           2        0.925106     1.109965   
    245      10.734783   20.454348   11.506522       1           2        0.935149     1.115635   
    246      10.743820   20.451685   24.507865       1           2        0.944842     1.111908   
    247      10.721348   25.388764    5.078652       1           2        0.954735     1.081782   
    248      10.679545   25.336364   18.159091       1           2        0.929753     1.035838   
    249      11.494118    4.256471   18.905882       1           2        0.909467     1.086911   
    250      11.577528    9.157303    0.988764       1           2        0.897425     1.111020   
    251      11.534091    9.134091   13.975000       1           2        0.896875     1.071212   
    252      11.470330   15.606593   12.406593       1           2        0.962130     1.038056   
    253      11.465854   23.748780   20.431707       1           2        0.959182     0.912870   
    254      11.528736    2.616092   12.390805       1           2        0.966177     0.933611   
    255      11.553659    2.651220   25.363415       1           2        0.974172     0.984892   
    256      11.590123    4.212346    5.854321       1           2        0.906819     1.016040   
    257      11.597590   10.684337    7.503614       1           2        0.930252     0.997116   
    258      11.529268   10.729268   20.451220       1           2        0.965028     0.994102   
    259      11.550538   15.632258   25.404301       1           2        0.941644     1.010089   
    260      11.569767   17.202326    5.883721       1           2        0.907668     1.041700   
    261      11.604762   17.188095   18.850000       1           2        0.904170     0.992734   
    262      11.618605   22.183721    0.997674       1           2        0.906669     0.987674   
    263      11.577011   22.170115   13.990805       1           2        0.879188     1.014668   
    264      11.487500   23.750000    7.445000       1           2        0.973922     0.869587   
    265      11.580488    0.160976    3.434146       0           4        0.620818     0.544728   
    266      11.568421    0.259649   16.407018       0           4        0.513892     0.723811   
    267      11.552174    6.626087    9.934783       0           4        0.375439     0.615951   
    268      11.546154    6.726923   22.992308       0           4        0.446889     0.682072   
    269      11.530000   13.153333    3.410000       0           4        0.452685     0.736101   
    270      11.578182   13.130909   16.370909       0           4        0.456682     0.684574   
    271      11.575510   19.677551    9.918367       0           4        0.382184     0.613631   
    272      11.547826   19.721739   22.882609       0           4        0.397373     0.605785   
    273      12.413793    1.871264    4.245977       1           2        0.944692     1.066320   
    274      12.386517    1.793258   17.213483       1           2        0.865897     0.985493   
    275      12.395402    5.006897   10.751724       1           2        0.928054     1.007836   
    276      12.386207    5.009195   23.737931       1           2        0.951487     1.019573   
    277      12.397674    8.327907    9.151163       1           2        0.971573     1.022608   
    278      12.374713    8.296552   22.144828       1           2        0.952337     1.056406   
    279      12.366316   11.597895    2.650526       1           2        0.925755     1.202938   
    280      12.391209   11.549451   15.617582       1           2        0.860101     1.058029   
    281      12.402326   14.811628    4.216279       1           2        0.950538     0.996942   
    282      12.395556   14.793333   17.206667       1           2        0.965078     0.984377   
    283      12.393182   18.015909   10.734091       1           2        0.944792     1.023855   
    284      12.392857   18.007143   23.766667       1           2        0.962630     1.002508   
    285      12.381609   21.266667    9.149425       1           2        0.919460     1.080861   
    286      12.388636   21.338636   22.115909       1           2        0.944592     1.085048   
    287      12.385263   24.532632   15.631579       1           2        0.950538     1.109322   
    288      12.411494   24.468966    2.600000       1           2        0.948839     1.037378   
    289      13.042105    3.431579    5.063158       0           4        0.260269     0.591538   
    290      13.097872    9.940426    1.791489       0           4        0.379386     0.632799   
    291      13.103571   10.007143   14.814286       0           4        0.533329     0.691466   
    292      13.147170   16.516981    5.049057       0           4        0.378287     0.707384   
    293      13.131915   16.468085   18.055319       0           4        0.418259     0.647410   
    294      13.139130   22.930435    1.782609       0           4        0.268463     0.658175   
    295      13.116667   22.933333   14.783333       0           4        0.374389     0.641613   
    296      13.112500    3.375000   18.008333       0           4        0.509995     0.686793   
    297      13.244000    3.480000   11.604000       0           4        0.442192     0.693074   
    298      13.273913    3.443478   24.586957       0           4        0.295694     0.670271   
    299      13.280000    9.928000    8.304000       0           4        0.360449     0.623538   
    300      13.204762    9.914286   21.285714       0           4        0.356552     0.535815   
    301      13.195918   16.387755   11.542857       0           4        0.451436     0.710392   
    302      13.230189   16.369811   24.554717       0           4        0.416060     0.696694   
    303      13.187755   22.897959    8.351020       0           4        0.545370     0.678460   
    304      13.247273   22.945455   21.341818       0           4        0.432699     0.720009   
    305      13.968539    1.795506   10.734831       1           2        0.954286     0.999707   
    306      13.950588    1.814118   23.715294       1           2        0.932301     0.987655   
    307      13.957647    5.037647    4.232941       1           2        0.984015     0.981986   
    308      13.993617    5.104255   17.202128       1           2        0.973622     1.063445   
    309      13.969767    8.302326    2.632558       1           2        0.954236     0.942721   
    310      13.960825    8.344330   15.602062       1           2        0.931551     1.267719   
    311      13.968182   11.536364    9.159091       1           2        0.915762     1.068308   
    312      13.973494   11.563855   22.161446       1           2        0.942094     1.036038   
    313      13.985106   14.789362   10.723404       1           2        0.911915     1.208934   
    314      13.967816   14.800000   23.708046       1           2        0.868795     1.041582   
    315      13.950000   17.991304    4.250000       1           2        0.873192     1.109578   
    316      13.993258   18.056180   17.215730       1           2        0.939196     1.017526   
    317      13.950538   21.391398    2.610753       1           2        0.938297     0.989869   
    318      13.970115   21.370115   15.604598       1           2        0.941594     0.994683   
    319      13.968675   24.580723    9.154217       1           2        0.874591     1.027608   
    320      13.959091   24.538636   22.136364       1           2        0.887732     1.072990   
    321      14.771111    4.208889   12.380000       1           2        0.846261     1.120110   
    322      14.730337    4.184270   25.364045       1           2        0.887282     1.070383   
    323      14.800000    9.123913    7.489130       1           2        0.845411     1.165367   
    324      14.774737    9.143158   20.475789       1           2        0.910816     1.192579   
    325      14.778049    2.653659    5.882927       1           2        0.972023     0.990932   
    326      14.833333    2.630952   18.911905       1           2        0.946441     1.005850   
    327      14.754217   10.681928    0.983133       1           2        0.968076     0.987358   
    328      14.855422   10.722892   13.944578       1           2        0.922907     1.021476   
    329      14.797647   15.630588    5.896471       1           2        0.963329     0.959847   
    330      14.814634   15.631707   18.909756       1           2        0.916862     0.946159   
    331      14.795556   17.222222   12.386667       1           2        0.953836     0.980149   
    332      14.800000   17.208889   25.388889       1           2        0.933400     0.980806   
    333      14.824719   22.148315    7.453933       1           2        0.954385     1.020635   
    334      14.820000   22.122222   20.462222       1           2        0.930652     1.019198   
    335      14.792593   23.718519    0.970370       1           2        0.949839     0.956158   
    336      14.800000   23.722353   13.957647       1           2        0.953136     0.998027   
    337      14.784000    0.128000    9.948000       0           4        0.376888     0.658592   
    338      14.792308    0.123077   22.957692       0           4        0.525684     0.662220   
    339      14.844444    6.648889    3.351111       0           4        0.380385     0.727614   
    340      14.800000    6.685000   16.375000       0           4        0.287999     0.529009   
    341      14.777778   13.146667    9.924444       0           4        0.515591     0.660086   
    342      14.807143   13.160714   23.035714       0           4        0.516141     0.706105   
    343      14.800000   19.636364    3.469091       0           4        0.605778     0.673866   
    344      14.812245   19.644898   16.473469       0           4        0.487760     0.662257   
    345      15.602151    0.993548    8.333333       1           2        0.938646     1.092977   
    346      15.600000    0.980645   21.318280       1           2        0.963479     1.040347   
    347      15.604651    5.916279    1.846512       1           2        0.870144     1.073955   
    348      15.620000    5.920000   14.842500       1           2        0.923957     0.990256   
    349      15.621739    7.454348    5.054348       1           2        0.927054     1.075553   
    350      15.616092    7.432184   18.000000       1           2        0.944043     0.999958   
    351      15.606897   12.393103   24.554023       1           2        0.896626     1.057606   
    352      15.640909   18.875000    1.768182       1           2        0.882136     0.995966   
    353      15.632941   18.903529   14.797647       1           2        0.934799     1.038119   
    354      15.655172   20.480460    5.096552       1           2        0.899773     1.114374   
    355      15.608989   25.393258   11.555056       1           2        0.934100     1.115725   
    356      15.613636   25.390909   24.586364       1           2        0.882486     0.981881   
    357      15.639080   12.374713   11.588506       1           2        0.953136     0.997699   
    358      15.645652   13.986957    8.221739       1           2        0.943393     0.985608   
    359      15.662500   14.031250   21.187500       1           2        0.923857     1.188503   
    360      15.642353   20.482353   18.091765       1           2        0.894827     1.034719   
    361      16.451613    5.019355   13.158065       0           4        0.544721     0.775194   
    362      16.406557    5.042623    0.222951       0           4        0.627913     0.709486   
    363      16.360656    8.301639    6.708197       0           4        0.574100     0.698930   
    364      16.369231    8.303846   19.719231       0           4        0.579397     0.653824   
    365      16.328000   18.044000   26.244000       0           4        0.368393     0.672500   
    366      16.523077    1.788462    6.619231       0           4        0.550167     0.735028   
    367      16.452381    1.833333   19.700000       0           4        0.302689     0.646270   
    368      16.476000   11.584000    0.156000       0           4        0.376388     0.632430   
    369      16.457143   11.522449   13.175510       0           4        0.253274     0.671339   
    370      16.404545   14.800000   19.681818       0           4        0.306736     0.557092   
    371      16.433333   14.790476    6.614286       0           4        0.288999     0.585114   
    372      16.410526   18.026316   13.194737       0           4        0.366245     0.507615   
    373      16.461224   21.302041    6.677551       0           4        0.311883     0.630979   
    374      16.431373   21.313725   19.674510       0           4        0.347108     0.651889   
    375      16.434483   24.575862    0.089655       0           4        0.424454     0.691936   
    376      16.484615   24.561538   13.169231       0           4        0.420757     0.654253   
    377      17.231579    0.972632    5.006316       1           2        0.870194     1.214343   
    378      17.202273    0.981818   18.054545       1           2        0.961580     1.016966   
    379      17.229268    5.873171   11.539024       1           2        0.900473     1.000086   
    380      17.204494   12.379775    1.782022       1           2        0.925306     1.001050   
    381      17.195556   12.373333   14.760000       1           2        0.943043     1.025290   
    382      17.208889   13.993333    5.102222       1           2        0.946141     1.067039   
    383      17.195349   13.990698   18.113953       1           2        0.947640     0.908910   
    384      17.193407   18.881319   11.597802       1           2        0.969625     1.034812   
    385      17.190476   18.850000   24.604762       1           2        0.958033     0.993668   
    386      17.195349   20.497674    8.267442       1           2        0.941394     1.059253   
    387      17.182418   20.494505   21.263736       1           2        0.948739     1.071358   
    388      17.204598   25.404598    1.806897       1           2        0.951687     0.989182   
    389      17.206522   25.389130   14.791304       1           2        0.925456     0.988751   
    390      17.238554    5.896386   24.515663       1           2        0.914463     0.962707   
    391      17.229545    7.429545    8.345455       1           2        0.938197     1.102556   
    392      17.223256    7.437209   21.358140       1           2        0.925655     1.108510   
    393      17.932584    2.593258   20.426966       1           2        0.874091     1.128354   
    394      18.059770    2.639080    7.464368       1           2        0.847910     1.071277   
    395      18.127273    4.184091    0.995455       1           2        0.903571     1.035778   
    396      18.058824    4.216471   13.985882       1           2        0.882735     1.016650   
    397      18.060870    9.136957    5.886957       1           2        0.937497     1.061798   
    398      18.101149    9.160920   18.852874       1           2        0.963429     1.030936   
    399      17.969048   10.742857   12.423810       1           2        0.903271     0.993805   
    400      18.038554   10.706024   25.392771       1           2        0.910916     0.995052   
    401      18.016092   15.602299    7.439080       1           2        0.963829     1.010268   
    402      17.981609   15.606897   20.422989       1           2        0.915013     0.983072   
    403      18.066667   17.212903    0.976344       1           2        0.946241     1.021073   
    404      18.076744   17.223256   13.981395       1           2        0.935449     1.027657   
    405      18.029545   22.143182    5.884091       1           2        0.939446     1.040668   
    406      18.044186   22.132558   18.881395       1           2        0.913164     1.103108   
    407      18.030233   23.755814   12.390698       1           2        0.894777     1.026701   
    408      18.012195   23.756098   25.409756       1           2        0.848259     1.004490   
    409      18.030769    0.184615    3.496154       0           4        0.401520     0.680248   
    410      18.035714    0.135714   16.396429       0           4        0.418459     0.690543   
    411      18.026087    6.713043    9.969565       0           4        0.293795     0.618936   
    412      18.021277    6.663830   22.910638       0           4        0.256122     0.611731   
    413      18.037736   13.207547    3.377358       0           4        0.565756     0.716723   
    414      18.046154   13.234615   16.400000       0           4        0.553864     0.709456   
    415      18.046512   19.693023   22.930233       0           4        0.405418     0.612931   
    416      18.048780   19.643902    9.878049       0           4        0.448438     0.571398   
    417      18.868132   18.083516    9.142857       1           2        0.926655     1.126086   
    418      18.860000   21.288889   10.702222       1           2        0.959532     1.119799   
    419      18.846667   21.266667   23.704444       1           2        0.905420     1.114240   
    420      18.824096   24.597590   17.209639       1           2        0.882535     0.995752   
    421      18.872727    1.811364    2.615909       1           2        0.954535     1.014548   
    422      18.874419    1.802326   15.651163       1           2        0.918810     0.995232   
    423      18.877500    5.092500    9.160000       1           2        0.966677     0.886658   
    424      18.857500    5.127500   22.170000       1           2        0.944992     1.011663   
    425      18.898901    8.305495   10.740659       1           2        0.915163     1.123492   
    426      18.859770    8.225287   23.685057       1           2        0.968875     0.995599   
    427      18.893333   11.531111    4.224444       1           2        0.948440     1.136783   
    428      18.876404   11.537079   17.231461       1           2        0.948140     1.142833   
    429      18.873810   14.854762    2.616667       1           2        0.883735     1.049789   
    430      18.903448   14.866667   15.604598       1           2        0.890280     1.150909   
    431      18.859341   18.054945   22.147253       1           2        0.949289     1.080742   
    432      18.862222   24.535556    4.231111       1           2        0.920409     1.145859   
    433      19.652830    3.411321    8.252830       0           4        0.429701     0.731278   
    434      19.688889    3.429630   14.796296       0           4        0.436396     0.643987   
    435      19.665455    3.425455   21.265455       0           4        0.641253     0.684197   
    436      19.635556    3.466667    1.804444       0           4        0.295794     0.585335   
    437      19.703571    9.925000   11.578571       0           4        0.609176     0.633322   
    438      19.713725    9.933333   24.592157       0           4        0.524285     0.625118   
    439      19.668182   16.409091    1.804545       0           4        0.357951     0.569870   
    440      19.645833   16.391667   14.783333       0           4        0.413112     0.631755   
    441      19.692308   16.446154   21.288462       0           4        0.490059     0.670258   
    442      19.725000   16.479167    8.312500       0           4        0.496254     0.620120   
    443      19.697872   22.923404    5.038298       0           4        0.406167     0.615317   
    444      19.693617   22.897872   11.608511       0           4        0.431549     0.617916   
    445      19.636000   22.916000   18.028000       0           4        0.491058     0.587483   
    446      19.662745   22.921569   24.572549       0           4        0.537476     0.610255   
    447      19.697561    9.931707    5.019512       0           4        0.289199     0.584288   
    448      19.743478    9.934783   18.034783       0           4        0.299791     0.594143   
    449      20.418391   18.011494    2.613793       1           2        0.965478     1.002396   
    450      20.449462   21.311828    4.204301       1           2        0.949489     1.071188   
    451      20.474725    1.760440   22.149451       1           2        0.958083     1.040304   
    452      20.479121    1.800000    9.138462       1           2        0.959632     1.003917   
    453      20.430952    5.007143    2.607143       1           2        0.954885     1.001481   
    454      20.448837    5.002326   15.634884       1           2        0.897675     1.017008   
    455      20.452747    8.362637    4.250549       1           2        0.948490     1.118146   
    456      20.465909    8.320455   17.222727       1           2        0.927804     1.087243   
    457      20.480851   11.585106   10.723404       1           2        0.905120     1.184954   
    458      20.457143   11.545238   23.735714       1           2        0.947540     0.989909   
    459      20.482222   14.757778    9.157778       1           2        0.959682     1.115394   
    460      20.462222   14.786667   22.148889       1           2        0.934649     1.015653   
    461      20.428235   18.016471   15.625882       1           2        0.971024     1.015571   
    462      20.462791   21.274419   17.204651       1           2        0.903971     1.107780   
    463      20.469048   24.578571   10.721429       1           2        0.961480     1.029549   
    464      20.469880   24.571084   23.725301       1           2        0.962780     0.949685   
    465      21.226667    2.633333    0.988889       1           2        0.928404     0.993395   
    466      21.277778    2.613333   14.004444       1           2        0.909067     1.037530   
    467      21.245977    4.200000    7.503448       1           2        0.872792     1.059359   
    468      21.348889    4.231111   20.457778       1           2        0.888481     1.096979   
    469      21.306383    9.136170   25.395745       1           2        0.900173     1.117789   
    470      21.335632    9.137931   12.400000       1           2        0.899773     1.117549   
    471      21.300000   10.717391    5.884783       1           2        0.959082     1.070398   
    472      21.305747   10.731034   18.889655       1           2        0.891529     1.081538   
    473      21.285714   15.630952    0.964286       1           2        0.914863     0.910290   
    474      21.406250   15.593750   13.935417       1           2        0.923807     1.205231   
    475      21.300000   17.204348   20.473913       1           2        0.906719     1.118152   
    476      21.340426   17.236170    7.461702       1           2        0.900023     1.090454   
    477      21.301075   22.150538   12.402151       1           2        0.888831     1.126695   
    478      21.304444   22.160000   25.395556       1           2        0.916912     1.080779   
    479      21.303297   23.738462    5.883516       1           2        0.904770     1.133071   
    480      21.340659   23.742857   18.914286       1           2        0.947140     1.125558   
    481      21.287805    0.200000    9.917073       0           4        0.328921     0.565643   
    482      21.311111    0.233333   22.972222       0           4        0.215300     0.542428   
    483      21.308333    6.708333    3.462500       0           4        0.500402     0.626401   
    484      21.278431    6.678431   16.482353       0           4        0.511993     0.621405   
    485      21.298039   13.098039    9.921569       0           4        0.327622     0.643735   
    486      21.286957   13.165217   22.886957       0           4        0.295095     0.602013   
    487      21.334545   19.723636    3.454545       0           4        0.472571     0.713506   
    488      21.295833   19.787500   16.433333       0           4        0.374639     0.570483   
    489      22.146512    0.967442   11.574419       1           2        0.922058     1.036505   
    490      22.122892    0.956627   24.503614       1           2        0.930552     1.037726   
    491      22.146237    5.860215    5.103226       1           2        0.931102     1.108894   
    492      22.177500    5.867500   18.145000       1           2        0.934749     0.999544   
    493      22.148837    7.465116    1.776744       1           2        0.949939     1.007854   
    494      22.145055    7.472527   14.802198       1           2        0.966027     0.993351   
    495      22.149425   12.395402    8.308046       1           2        0.923157     1.088075   
    496      22.131111   12.400000   21.333333       1           2        0.921159     1.118467   
    497      22.114943   13.965517   24.551724       1           2        0.957483     0.994789   
    498      22.158140   13.983721   11.579070       1           2        0.947041     1.021007   
    499      22.159524   18.854762    5.107143       1           2        0.862150     1.035063   
    500      22.138636   18.888636   18.043182       1           2        0.926105     1.047870   
    501      22.123913   20.454348    1.821739       1           2        0.874891     1.042404   
    502      22.118182   20.431818   14.847727       1           2        0.892878     1.108637   
    503      22.097778   25.406667    8.348889       1           2        0.945991     1.075689   
    504      22.120482   25.402410   21.354217       1           2        0.962929     0.925797   
    505      22.978182   14.832727   13.170909       0           4        0.452685     0.743109   
    506      23.000000    1.811321    0.150943       0           4        0.628912     0.720251   
    507      22.900000    1.795833   13.200000       0           4        0.467475     0.575920   
    508      22.909434    5.030189    6.705660       0           4        0.398373     0.631780   
    509      22.894118    5.027451   19.701961       0           4        0.291247     0.631531   
    510      22.892593    8.333333    0.144444       0           4        0.380685     0.657572   
    511      22.881818    8.386364   13.159091       0           4        0.264216     0.680514   
    512      22.953846   11.553846   19.698462       0           4        0.583444     0.729458   
    513      22.896429   18.032143    6.653571       0           4        0.413512     0.648340   
    514      22.885714   18.008163   19.673469       0           4        0.448188     0.621186   
    515      22.894737   21.301754    0.203509       0           4        0.452935     0.618749   
    516      22.898361   21.318033   13.209836       0           4        0.556013     0.650421   
    517      22.908696   24.560870    6.708696       0           4        0.468124     0.616395   
    518      22.955102   24.551020   19.657143       0           4        0.418109     0.630133   
    519      22.973077   11.565385    6.715385       0           4        0.462578     0.612566   
    520      23.028000   14.828000    0.152000       0           4        0.475669     0.699051   
    521      23.737931    0.928736    1.852874       1           2        0.902821     1.103913   
    522      23.718182    0.943182   14.840909       1           2        0.963579     1.008489   
    523      23.685366    5.875610    8.256098       1           2        0.897075     1.020069   
    524      23.703448    5.885057   21.264368       1           2        0.947340     1.036578   
    525      23.694118    7.496471   11.614118       1           2        0.974022     1.003294   
    526      23.732584    7.453933   24.541573       1           2        0.924206     1.081443   
    527      23.706522   12.378261    5.058696       1           2        0.914563     1.146471   
    528      23.733333   12.418391   17.995402       1           2        0.918460     0.998032   
    529      23.705618   13.961798    1.822472       1           2        0.948140     1.060250   
    530      23.705618   13.973034   14.808989       1           2        0.942644     1.045185   
    531      23.720000   18.912941    8.355294       1           2        0.958033     1.013080   
    532      23.735000   18.910000   21.340000       1           2        0.962480     0.945476   
    533      23.750617   20.434568   11.488889       1           2        0.914913     1.042399   
    534      23.746988   20.443373   24.506024       1           2        0.943793     1.041792   
    535      23.725581   25.376744   18.062791       1           2        0.925755     1.061273   
    536      23.750588   25.425882    4.974118       1           2        0.956584     0.993161   
    537      24.552174    2.617391   12.389130       1           2        0.942843     1.008276   
    538      24.576344    2.627957   25.380645       1           2        0.852806     1.088353   
    539      24.470330    9.105495   13.945055       1           2        0.934200     1.076102   
    540      24.563043   10.719565    7.482609       1           2        0.870394     1.202121   
    541      24.559551   10.734831   20.471910       1           2        0.834869     1.100479   
    542      24.509091   15.615909   12.400000       1           2        0.854205     1.076767   
    543      24.587629   15.641237   25.371134       1           2        0.886832     1.216470   
    544      24.526087   17.219565    5.913043       1           2        0.931302     1.129994   
    545      24.523404   17.229787   18.895745       1           2        0.940895     1.127115   
    546      24.480000   23.760000    7.437778       1           2        0.903471     1.136703   
    547      24.468182   23.770455   20.443182       1           2        0.909367     1.065204   
    548      24.577778    4.186667    5.868889       1           2        0.943943     1.022456   
    549      24.525301    4.236145   18.893976       1           2        0.956584     1.031928   
    550      24.573810    9.176190    0.978571       1           2        0.934349     1.019709   
    551      24.578571   22.180952    0.976190       1           2        0.913914     1.014870   
    552      24.621176   22.185882   14.007059       1           2        0.916212     0.994451   
    553      24.545833    0.245833    3.358333       0           4        0.295994     0.677080   
    554      24.584615    0.220513   16.456410       0           4        0.353304     0.555387   
    555      24.591837    6.673469    9.873469       0           4        0.525634     0.628770   
    556      24.579592    6.726531   22.910204       0           4        0.482514     0.631810   
    557      24.564706   13.125490    3.458824       0           4        0.376288     0.652644   
    558      24.552000   13.112000   16.464000       0           4        0.277107     0.650956   
    559      24.573333   19.706667    9.946667       0           4        0.338414     0.567098   
    560      24.570732   19.678049   22.970732       0           4        0.324524     0.563093   
    561      25.373034    1.775281    4.206742       1           2        0.948490     1.008521   
    562      25.376087    1.760870   17.217391       1           2        0.929803     1.015003   
    563      25.376471    5.068235   10.724706       1           2        0.882735     1.142776   
    564      25.412048    5.009639   23.732530       1           2        0.951138     1.012200   
    565      25.386364    8.302273    9.140909       1           2        0.887182     1.083576   
    566      25.393258    8.325843   22.139326       1           2        0.903721     1.106371   
    567      25.380220   11.538462    2.621978       1           2        0.902921     1.014749   
    568      25.379310   11.588506   15.625287       1           2        0.905370     0.989743   
    569      25.382022   14.793258    4.213483       1           2        0.933200     1.006769   
    570      25.395349   14.795349   17.195349       1           2        0.939696     0.987395   
    571      25.384091   18.029545   10.731818       1           2        0.951388     1.039385   
    572      25.379775   18.049438   23.725843       1           2        0.954086     1.059698   
    573      25.391398   21.275269    9.154839       1           2        0.930602     1.071445   
    574      25.377528   21.247191   22.184270       1           2        0.965028     1.016411   
    575      25.380000   24.540000   15.628889       1           2        0.973972     1.010803   
    576      25.383529   24.567059    2.630588       1           2        0.937297     0.988611   
